$ANSIBLE_VAULT;1.1;AES256
35363864663265336465636465373237616464613735396630373431333837346637343337613630
3635306633666235653636616366353039616432663165360a303566653161313935646639373830
66356366386434333137356435306239373764326661383564613865373233613336623835663963
3933343762646235350a343533333366396364633662626563626530646330613637636562613637
61626638636133616537366630376262353564643464303961646231376536633030386337356236
36306465343330356133326632383330353735393130326231393731666363623135383566323961
65333262306562636439353964353437633264333836363165646566396334613330303431303163
33373532333632653635343333323337616264356135303338386630346335666436636633633437
33653735323733663562326461623665346364626134316430626538646363636239373338313764
32636263326137306231623633613434663338363862626639303830313637636635303834353334
31626261366663613432356161303730353732336263323838393233636233303465326639626337
36363630383539363163316133663734626535303939336232323164333436376366616236303233
35346337623639383032663738356164363531653736633639306630623138373263343930613638
35636361316462366439366165626532623064346132306533613464333433316236386637633865
39646166363966613330323333656561363931633161326662663130386438313539366130363634
63646566333439613838373430366165316533396161636363333139306566663837343631623432
66393136626334313766363163343636303836666265346262303534626136336636626335633332
63386632313136626466666333313664333161633337656638383335343366333765303934303633
66336130336362643264643762396464336561333633326331636464656633656139303039386132
63366665663262643462323663353266636661383133353537663862613863613462336536663334
32353130616434306530346535663734633662633531643737383134663637323062346163343438
62303864663932613866396565356432303035386138353361363961333434666530613134303336
63326537313864623164643737326137326530663930323433323234373066643238303530313936
62363038343130383231356466653938376162393736316635323737643134336663653861396263
35393134353330353666333131636639363938393532306565316133336466396536623732383864
65376466353536343730623539386336396163313634323365376630613338326566303432323163
30336531383061616435623936376633343466303935323061663237333766343537656335653538
61393630656661373361656162333031616138373131373231666535346234313932316564323332
37373334316365643065343561656464626566643631653165333430393664363132356434316664
63623033306531656237396564323638316632623637353436636662303736623234613337643530
37616364366462646365353431353764646634353433323835356463643562313935363362356265
63376239663233373036313064366136393937633165336236396330343661363466613731636637
64333937393739616632396132613563623534393934353832383732353333633363656439616633
38323730353837663262363564333938333839376639313466396532356536343062373262663132
64386465643464646366393139353166383538633638653361643035626264303538366265643730
61666365333233316231613334663036666133653532386630613435396638616437393333646133
62646465383437323164626234343364663438613166333465616433366130336634373039646439
64373164616563353061333534643464653733623465306636623862393833393862343733656439
37343730633966306233396330306166623630323530346534393939366130333330306633373033
64346633386434376230356462383165353735346266663565636530383638393536373235386465
62386432323133363961343664303033663335663561363531306230646237343839626362313866
38333030346661623832333339363165363332656334383132306633393939366233346563646138
66336565633837653835373239376161326166386631383637373062623430666635636338376564
33323066316264613564373866363964643234313265373637623134303335323031616636313464
64346134333262363464363732313732333564396433636534333236303566646363616634353265
65383665383333313433316466396439313865303339353264653034613630333166313737383933
35633530383433623933623937373534343937316133636462306332663636633337653666343436
64393736376135316230366334303032323862323066663166326430373636363933633337623734
33666362613539646161363739646333326631663139353361343834386238663235363962356237
34633937646632303135343062373362383538323632323361346236653330663035323531383236
65616664336132383432616161346130303364616433376430396161363663366134613738643661
31326237383663343436383564363931393066353036653731336665336639303131303861336363
62373331376236346536383133613636326330613036613034353437613333373862323961623433
61636532393937613630373363323137363634326233333536663061303735663139666366366532
32346439613463313662376162393933376362316366303337333434663831633734643137336537
37306366633130636131333562323639643433623134376461303133393064646531373134323730
63346163383665313934303564313265303131376235393233313735623865636639313865383039
36303333353730363161643139646533383434623934653337633764313564653336663963646664
65613662383332623337396135333032636362623236323166633638356635656162393866613036
34303338383232393236663463303535633330373636653165396136343165303466316238616133
32616139316338613531666334366331353361356233353264313132643764356637336133653939
31613962336462306238306432393064346335396132373938386665383962363764306130623332
33306431376137643534356138373462363737353539313234663235383035303362323739613731
34393163313331306463613532653631626636323261303933356339623961643030323333353632
32343364366130663630623537303066363439636234366166653235336430613731313134353665
36343930386336366465313936636639356337386538353961303466636138656237306662343137
34373465663636353639616361636234623939373861353635383666663665353030316362643138
38376538613037356133663331376239386130373761373137613131343462656163323061663264
65346261663935353931383165656365636232656366313734643030663266663664336338653162
66623935373635343232663435393533366439366431666664653138663736653132613135343634
31626563323437666532363965373762363836363963356639303266343139633561333236356139
34313365316163386632323466383837353330313466393965613232656338373135633635333662
62633462616535636334626135373730323734386137343166613237343064353037393934323264
30653564373536333662313935356334343439306365633337336166343735376561663862393266
34366164393635623939373931393935613963653066353264666366363030356564636436376463
63323536373236343431633439616361653332333064336335376439333633346265356534336165
66303231373937663230333034636333316261386236373835663833616462303266356636373338
35616139323236343566316161663832626661353632383666366437313863326264303131353661
35616561323637346663303831316137643132633436613664636233353462386235396632336232
37386361326663666432373232313064306139323766386663343661636438613263326239396162
32316634623432353534346366613363353566626664653537636133663732393630356434663337
64393266363066653531616434396532663664363932303334663336633366663463653663313833
36636331653037663835616361666661666162356566323134386237346336373130633065613038
30326333373333303439643563303033336231366637303261346462356164626566303566396535
30303132633463303739333332653564363238306363373938326333383762646261353863363563
37633935666336356264303430373936613739653663323332313334316466303563343037643061
32356436343934376365383734356665313065623265343035313162376435393135386335386635
65366132316538396539313731656534383265383131306264303961316366346339373131303939
63323162616535393539666539653262666165356438643737643466363238633361313032653064
61353938326432306461626137343739663565353138663837623333386439663163643837316261
31626430613865663535316665316666653966633563353337393465366634373234363165663632
66616638363131353066376635376164323965626430363265356131396233383162613161663837
64393232366230653666653934333739353463643162353662363164396430393864366438623862
31623336323133653034636130356239643135626366386365356537373038363462663537373333
34633739393232623532396666613563383063356234303338623832663030306537626434303065
32623336353239353765336239653463363164666162663363373438616163343735336266653934
32333164623239326133356539336138333563326337336137393030613530663331363838343264
38343061313730396631646666616233643031343135313666373864623733303733346264653433
32633931633131656666393331383835313735356166373061636466383864646335633661376136
64643430323265316534643962303333313333646331303462616366373534616535396166616532
31623039373166333934333266376237616535363735646663653662613539653636643464613033
35633764643537396332626161623538646663303933636231393566306534653733363237323062
65643563616566656461323037623066396235663437363833313166663834633237323463653861
37366431626135363332646133656338323865623030343061623963316462666631656235623332
61386330376332366262666131623165323438633235666639306437626136653164363334626434
65333732373532373038366436363862376633346132636363313834336234353336633861636264
63626436613930663737616263333964393465326561666335346536353062313961663635386464
31633931383266643965326266633734646632636338373264323234326633336262656465323737
66343163373639633561626664303939663261356634663665363838623235343033323563396431
64363264346438363462356635343934616137353639333535353562333331626534303633373463
66326634363463633634316639633332316261303065353535373865316530393763303662326535
37353837616337316237383765393939656537393166313163653238333533353531663666366233
30336138393337343037323732316631333939393432616534333766306131303764663835333433
33623433373831646264623339383066623562323034396365333562383663356538366263313535
39643230363266663831303331376333323238326261313764626232633361383566363631316365
64653264363331313965306432313835636630353563626234643066643736333964633436633862
64326532303539303662333239623262353065383361653061633861643930323035656261373832
38323337393332666566633938356637353536616334643035343730356463656539633534373739
31333435613037643563613763306635326162376338333139623437333634636163623433343963
65346266343637663066306462366531656361653163353431616230633338306139366361646438
39303335643663663131626666333636356266306664363634613633666462393364626239363233
61363335313166316235393434636261323732343630646333363164643264666266666631623236
36623363373766393464656562636363383538646637376431666663393830396635376131636638
36353764376632303233313664663031373236303736343234623437393434303061366433663731
63666632383461356664653637626366393166356230656666666363346533393034383132383636
31646237393638616636393634366566363635346630623231616162396631353361336439326464
35623930656330663739636361366465323662343931393736613566386564346464383735373439
37366564363035363839613139343631343839373561393134613866666139646530363364383531
64653366663736636331393962383639346366353162303062653239653630356639383433643130
34616236313961633236366363623164386165653833383439333761663131393934386430646162
65386462613235613465636333366631666636636563623833663436613264616433323036666661
61346436356334393830383962306137393865636666363832386633656465613639343265333761
33613435353539323137366666346533646132636135613536646436623364323930353063643734
6661373162633235313235386438653631346432623330653530
