$ANSIBLE_VAULT;1.1;AES256
32353764346632316638333431633035633662393831333433376461313931626131396266323565
3230306462613763626338396538636164646362626465360a653338313565643139653537346338
37323633623533356664336462653263643135373932353437343537383036633138363634383338
3030356131323166310a316335383732396336306637653233366536316666383937303731373361
37386433303966336235346231616632656630323731326133306137333865613364653833363932
38383864633165633237616435393065323364623461303664653030633430323330376464336566
64666336633261363362303333616637613666363866366564343139303537313763643937666266
35356135663331386133353830626630363730636365316137306666333766366238376631346462
35333430613035623965333934623334376632353966656233333562326265646665323334363762
34663537393763653532333732353733656464393063323766626432343433636430383336356539
33626333356530336162633638303631643432306166353961346265393462666636643964336339
37343230633931616463656166343035636665313437663939626635643866326566323762623164
31383739376163386261643566366232663965653734636236633532323231616339356430613535
6236653032613034646161613336353133663630663161646664
