$ANSIBLE_VAULT;1.1;AES256
63363666316632636531356265636538343766383438383061663864343537613066613932656337
6564616163386538323166633665333865373865333938340a313030653061383533646435336561
30363061323030353964663632306134333235663064323731303335323962353131653666323564
3765646364393863610a643031666330393766623430356231303839663563353932646663636534
66353636323138623666396535313530656364333562323432356565313562616334396162326664
36383831383863653230353839313463326130626433383433306262383135323537323366653131
39336566376364356562363930326663323036396561626263393933323535656135306530373634
61623439306139653338313263316166353133333464313235646139623266623231646234666230
32326666366636323231663338303436326339616636383937333336386137303965306165313038
38316133396634656134656635393463663663393766343765313165306432616632343762316234
61343731653634636130656631633438376462613630353966653464663938643964376438306139
30373934303763366133333932353730666336373135626665613766656662376536313430356366
63383863366534653732386463303737306336373639353032393761356431616534336234313138
64643064306234373864333264666365643566313833613531383334623564633535386233363239
39353835316637333131363436356431343630646465316132646565396530313832363864373536
62393032623338656233646631666466666136646365366132313365616164633033336365643565
62353063323361643866643162663336663930636334373164666434663263623966623731373965
30636238376138383132313665666430306462663436646236663861313139313462613234303634
32613032653431613732633236373437396438323330643539613165636234663935363461326464
31326230316630643731393636633934643837656238653634616134336661616362313137666261
65346432636132666232643638626430353663383237333538343934343135616363373364393137
6438616238653261396638663762616431646465646634376434
